0.016638753050141848188747673020770889706909656524658203125,0.016050645321884333960316126876932685263454914093017578125,0.0171924576485129494696213470206203055568039417266845703125,0.0158563208844665626262582236449816264212131500244140625
0.01794677275279095429727505006667342968285083770751953125,0.016922620201399618533599777947529219090938568115234375,0.0167537631521038170301363123826376977376639842987060546875,0.01650730246705804649121063221173244528472423553466796875
0.016445412978242653079252733050452661700546741485595703125,0.0163054954813599828344905517951701767742633819580078125,0.0168124464930306423415817818067807820625603199005126953125,0.0167218747641396624226128864165730192326009273529052734375
0.01434769925620859969128684241468363325111567974090576171875,0.01593603557013688332144596415673731826245784759521484375,0.0151319747336207920118678060816819197498261928558349609375,0.0165098034756016552593305135587797849439084529876708984375
0.0157039717567774191053775467707964708097279071807861328125,0.0165648143157564216310095872586316545493900775909423828125,0.017025038510291946869390500296503887511789798736572265625,0.0172244103584615788904432776007524807937443256378173828125
0.01669032146434833163706201730747125111520290374755859375,0.0161896660287418649171176099343938403762876987457275390625,0.0148924535421619645692015154736509430222213268280029296875,0.017026675266163311672773517102541518397629261016845703125
0.01793871595109482186547467108539422042667865753173828125,0.0153764059373506269123854650615612627007067203521728515625,0.01681758675356644083809243284122203476727008819580078125,0.01542463605582236781110783141457432066090404987335205078125
0.0166828922909060019252880380236092605628073215484619140625,0.0156937604653371899632308128502700128592550754547119140625,0.016314997489391420970594737127612461335957050323486328125,0.01602387028063738394489945449095102958381175994873046875
0.015815263605152674042386706787510775029659271240234375,0.0164488789299918336528349982472718693315982818603515625,0.0163776684279627014750868596593136317096650600433349609375,0.01634157968415679562657061296704341657459735870361328125
0.0175764186189838016172171109019473078660666942596435546875,0.015537516839744032470793655420493450947105884552001953125,0.01710485098675007531454639320145361125469207763671875,0.014531525086791695355881159912314615212380886077880859375
0.0159249084270720354938877250106088467873632907867431640625,0.016414568216939144640331704749769414775073528289794921875,0.0153414659692724698880628153574434691108763217926025390625,0.0165806885926788639962214944034712971188127994537353515625
0.01621948740854882442530282560255727730691432952880859375,0.0168228554759901720305759198481609928421676158905029296875,0.0185479296280083826020668169576310901902616024017333984375,0.0172026435390002403746922965410703909583389759063720703125
0.0168164859705564710690151031258210423402488231658935546875,0.0173858088853609225876706290137008181773126125335693359375,0.01547480999524214299867264088561569224111735820770263671875,0.0161468733618796121687122280263793072663247585296630859375
0.016766225622380857840365564470630488358438014984130859375,0.0160965130552858624868317605205447762273252010345458984375,0.0155953885161942522319389325957672554068267345428466796875,0.01558143917101574744965564178755812463350594043731689453125
0.0170121004757777354032821648388562607578933238983154296875,0.0170371476454503727182565597786378930322825908660888671875,0.0163211875733179356817714733551838435232639312744140625,0.0159993320250759706036003393592181964777410030364990234375
0.016362434251811240615293030487009673379361629486083984375,0.0170144592215049177130747892761064576916396617889404296875,0.01553618575793151192210306277274867170490324497222900390625,0.0164645813870326652994524607720450148917734622955322265625
0.01701709296602456344960074829941731877624988555908203125,0.016270934712793783116779877673252485692501068115234375,0.016370767992138761381948341977476957254111766815185546875,0.015896700148517899087163840476932819001376628875732421875
0.015821346591680184034967027173479436896741390228271484375,0.0162714509594229402023035646607240778394043445587158203125,0.01489926708697430178529597100123282871209084987640380859375,0.01532124976062063624604459022293667658232152462005615234375
0.0173238415685725392900717878319483133964240550994873046875,0.0164863586137687957722253173642457113601267337799072265625,0.016579656145958528157269284974972833879292011260986328125,0.016276634822705082772387186196283437311649322509765625
0.01751885728509695872023854690269217826426029205322265625,0.0156087584896856534921738557386561296880245208740234375,0.0160829184245073475434395504635176621377468109130859375,0.01544043701047845100482458491342185880057513713836669921875
0.0158731818738487573394735363763174973428249359130859375,0.0170917599378273936394645460268293390981853008270263671875,0.0162907020903751142970605769733083434402942657470703125,0.015582805475532375549807539982793969102203845977783203125
0.0160411907764666204767589618995771161280572414398193359375,0.017406543918951855598464817376225255429744720458984375,0.0163920414496209233823353912384845898486673831939697265625,0.0172488403326470363108313677003025077283382415771484375
0.0171833369134794695931578445424747769720852375030517578125,0.0171402693454009401319293459664550027810037136077880859375,0.015939627235070343014289306893260800279676914215087890625,0.0175673281832664056334447622020888957194983959197998046875
0.01615582895138716057470418263619649223983287811279296875,0.0176071069159072744747529526421203627251088619232177734375,0.016817281878304356224074211922925314866006374359130859375,0.0174871767233147935860504418315031216479837894439697265625
0.0172701166635648266367564218626284855417907238006591796875,0.01484181299406506400473393370020858128555119037628173828125,0.0149342331386453676389525213608067133463919162750244140625,0.016907867919197371031625465320757939480245113372802734375
0.0164753117118965515530693011214680154807865619659423828125,0.0172312484958299823312177778689147089608013629913330078125,0.0163696901447528096740224867744473158381879329681396484375,0.01523552566038984847074377881881446228362619876861572265625
0.0170742747130175620551284509929246269166469573974609375,0.0159737829680227684525650744262748048640787601470947265625,0.017389887935643645600070072987364255823194980621337890625,0.0174141750923435638387370971713608014397323131561279296875
0.0167008388753555857275667761996373883448541164398193359375,0.017029943112968924656680513862738735042512416839599609375,0.016220411437198600790310365482582710683345794677734375,0.01736251376294371817632367083206190727651119232177734375
0.0164054235397564675269510559019181528128683567047119140625,0.0166619903030283643408093752213972038589417934417724609375,0.0161130082802011520559659629725501872599124908447265625,0.015495860917720760685512004783959127962589263916015625
0.0169888817814777930148562035128634306602180004119873046875,0.016172238983638405340759192085897666402161121368408203125,0.0161169672891180969231950115272411494515836238861083984375,0.0162812005417366234549803039044491015374660491943359375
0.0168042861849566245446840895283457939513027667999267578125,0.0159700012301570437589504081188351847231388092041015625,0.0164266699733914452175032039349389378912746906280517578125,0.0173920512461867467213227911315698293037712574005126953125
0.015980403117094151010935121348666143603622913360595703125,0.0171833881959232714908836214817711152136325836181640625,0.01494485220916607313978996529613141319714486598968505859375,0.016345907768827327988248043766361661255359649658203125
0.0153280255055910641370786606785259209573268890380859375,0.0163721572860827911666259382172938785515725612640380859375,0.0174547698258498938661542609906973666511476039886474609375,0.0168072185932468774749448670036144903860986232757568359375
0.01588976534811568919192126259076758287847042083740234375,0.0168788708148937018072022198111881152726709842681884765625,0.01496728571026701738733155622185222455300390720367431640625,0.01545767347718025701286403972289917874149978160858154296875
0.01698255288962906284222498243252630345523357391357421875,0.01539750114984229922843184112934977747499942779541015625,0.01465077415783650437164364888076306669972836971282958984375,0.0168534667868408156998771829648831044323742389678955078125
0.01617465747617204130381907134506036527454853057861328125,0.0173710135890190429941437599836717708967626094818115234375,0.0159462863779429135646648063584507326595485210418701171875,0.01547681686513025477169858135084723471663892269134521484375
0.0167933949445997036942213043175797793082892894744873046875,0.0168252170047162551147490461289635277353227138519287109375,0.01615938366577775175958464615177945233881473541259765625,0.0166457963857089830117530482311849482357501983642578125
0.01529657731159019505573493091787895536981523036956787109375,0.01559242909855956642217744700928960810415446758270263671875,0.016472013701166965393696273167734034359455108642578125,0.01534490332740194064309324772921172552742063999176025390625
0.015454663209225984188410762953935773111879825592041015625,0.0165644305792890834949648848350989283062517642974853515625,0.016244400914596439366999192088769632391631603240966796875,0.016783522470862448361383911787925171665847301483154296875
0.0145750320897467013081527653639568598009645938873291015625,0.0158358021592177496128517333318086457438766956329345703125,0.0165871538583028492463977698889721068553626537322998046875,0.016465051270207260725175757443139445967972278594970703125
0.0162310665172161576463860654939708183519542217254638671875,0.0156263830445830288751185577211799682117998600006103515625,0.0166076105316431237024499267818100634030997753143310546875,0.01562064271700703589618175470832284190692007541656494140625
0.01499151996928659545671447261838693520985543727874755859375,0.0155836210734874407168870646955838310532271862030029296875,0.01668964911010691054560339807721902616322040557861328125,0.017478241126066475230604879698148579336702823638916015625
0.0165627393030315823996279078755833324976265430450439453125,0.0162640745039393554149942389130956144072115421295166015625,0.0170891822655878933279183229387854225933551788330078125,0.016762500967177705601951487324186018668115139007568359375
0.01503517619781605425821613408743360196240246295928955078125,0.0145535128506615492327558314400448580272495746612548828125,0.01550237809554449487647875827178722829557955265045166015625,0.0161871875377995917688611626772399176843464374542236328125
0.0160342184282879114676223508695329655893146991729736328125,0.01558689889462168930156504842443609959445893764495849609375,0.014650200985867944947216301443404518067836761474609375,0.0173150776794011411474638606478038127534091472625732421875
0.016824778306060376997788097241937066428363323211669921875,0.01323166864231430095433239557678462006151676177978515625,0.015090425209639303505415597328465082682669162750244140625,0.0167808520124912256832327983602226595394313335418701171875
0.0158307154002621554289564897999298409558832645416259765625,0.0175488296150342233670205160933619481511414051055908203125,0.0161342196293332330869763069358668872155249118804931640625,0.0161050075014810105400453466018007020466029644012451171875
0.01521051042433742284121223065085359849035739898681640625,0.015994755718167490143866160678953747265040874481201171875,0.0169817701546211841101552408872521482408046722412109375,0.0157064181354208513841097527574675041250884532928466796875
0.01739121619677004570991840637361747212707996368408203125,0.0175829151882429431108523232296647620387375354766845703125,0.0170872015262410192892872373704449273645877838134765625,0.01736767713311605787485092378119588829576969146728515625
0.0161520928041555440757282013919393648393452167510986328125,0.017307099909641750212774269357396406121551990509033203125,0.0160602766724864017000573568338950281031429767608642578125,0.0167148110673278581239653561851810081861913204193115234375
-0.00174920368904703249501864092962932772934436798095703125,0.0020067713161234161482748827864952545496635138988494873046875,0.00184050645194978683936992691627665408304892480373382568359375,0.0021958873978231555935958230207916130893863737583160400390625
0.0015204083929729003167585776878922843025065958499908447265625,0.001697280077007625766205567430233713821507990360260009765625,0.0016737155062271275897389788411828703829087316989898681640625,0.002056459397170340951122025074937482713721692562103271484375
0.0018958775019927063230917863023705649538896977901458740234375,0.0020513780917636773547252371230342760100029408931732177734375,0.00192042557794990507470667129297225983464159071445465087890625,0.001912354651909938148268697233334023621864616870880126953125
0.0024279765789646831457282427635391286457888782024383544921875,0.0020626472748645481407325785738748891162686049938201904296875,0.0021863747131690984722152126806804517400451004505157470703125,0.00188449575214305847618845302093859572778455913066864013671875
0.0020250921670629611591463170583438113681040704250335693359375,0.00180950363048059509850362669425294370739720761775970458984375,0.00160495426143992289506889914463272361899726092815399169921875,0.00167955732893125650635746115568736058776266872882843017578125
0.00184326288996508797814188884700570270069874823093414306640625,0.002110760215096874059526044220547191798686981201171875,0.0022965147434885952761052241299921661266125738620758056640625,0.00158986556239948417269813862873206744552589952945709228515625
0.00143764894829282699646733068021831059013493359088897705078125,0.0020626489957282696276197331286539338179863989353179931640625,0.0017758829153640999509722320226501324214041233062744140625,0.002040298749274797006358905804290770902298390865325927734375
0.00193058822334119493946413825824492960236966609954833984375,0.0020374939715325219961872260654445199179463088512420654296875,0.0018480768483643537393457112472106018685735762119293212890625,0.00191910431682003920599022261939126110519282519817352294921875
0.00184798360127994801445361350289431356941349804401397705078125,0.002110245952032625653405073506974076735787093639373779296875,0.002031711327746454388842867189168828190304338932037353515625,0.0020378711182070670913935028778496416634880006313323974609375
0.0015027558536544476271157311231263520312495529651641845703125,0.002186245840775607844619354835913327406160533428192138671875,0.001871088116314210784973948165088586392812430858612060546875,0.0023581513117482042450612222950212526484392583370208740234375
0.00184695962061621967061075810789816387114115059375762939453125,0.00175685858077816322263264847691743852919898927211761474609375,0.002146463783334758533560826521124909049831330776214599609375,0.00185457401918408758788314738552571725449524819850921630859375
0.002074120899794766083312769211488557630218565464019775390625,0.0017416565140112409693085027129200170747935771942138671875,0.0012870687390484207048013676200071131461299955844879150390625,0.00158716642615204343857993052324673044495284557342529296875
0.00175365159980722120323937129882096996880136430263519287109375,0.001519736705112874168566161614535303669981658458709716796875,0.0021230821226528051072490743678145008743740618228912353515625,0.001777637425808766165336027853527411934919655323028564453125
0.001895084340842839200347302863747245282866060733795166015625,0.0020422576971750381995274192803435653331689536571502685546875,0.00204306546613723140348728435355951660312712192535400390625,0.00201946323384086419416849622621157323010265827178955078125
0.00163144601445334622678851044241810086532495915889739990234375,0.00182072992049893411792282904571038670837879180908203125,0.001940085783675151061278274511323616025038063526153564453125,0.002017021141347295765111624632481834851205348968505859375
0.0020160564961990731606966686939585997606627643108367919921875,0.00172551949290420118983402364420953745138831436634063720703125,0.002153841230317311318531725561342682340182363986968994140625,0.0019791865876968134894953177393972509889863431453704833984375
0.001689042816542445611671663385777719668112695217132568359375,0.0018001604327885140956200249462426654645241796970367431640625,0.0017300838909317830908995983207887547905556857585906982421875,0.002102876679042874931424567108706469298340380191802978515625
0.002218272570348179574539759784101988770999014377593994140625,0.0020403641341311721212059548946626819088123738765716552734375,0.0023056699952093960039045672516522245132364332675933837890625,0.0022234722434940727697760820547046023420989513397216796875
0.0018756510192620584089040480790799847454763948917388916015625,0.00190331444104199147375477974009072568151168525218963623046875,0.0017351891184408320574494855037528395769186317920684814453125,0.001986227294022709088938682953084935434162616729736328125
0.0016077368355348884733369008159797886037267744541168212890625,0.0022419402942350833383977626311889252974651753902435302734375,0.00190608583663682347626722179967373449471779167652130126953125,0.0022051912151231554092001285738433580263517796993255615234375
0.0020410759134454688375204245431859817472286522388458251953125,0.0017265870851210650578633210017187593621201813220977783203125,0.00187697019026077474047886628483183812932111322879791259765625,0.0022428430053576995338582289463147390051744878292083740234375
0.0020400741936827081202121547676142654381692409515380859375,0.0016285489290180608923375160657087690196931362152099609375,0.001869006314182383547695120995513207162730395793914794921875,0.00170830197172738558301918754267489930498413741588592529296875
0.00174028833834359683736814350396571171586401760578155517578125,0.00190797815861407245828507139862040276057086884975433349609375,0.0020942679186739623399537979508977514342404901981353759765625,0.0014107179672995565598847544919181018485687673091888427734375
0.002122566426082233941030619206458140979520976543426513671875,0.0016253717485114481562658017566036505741067230701446533203125,0.001812184697453744601503000666298248688690364360809326171875,0.0017294157255588853139283145310400868766009807586669921875
0.0014961023865514779147833923644839160260744392871856689453125,0.0021666899854866218493032459235791975515894591808319091796875,0.00252227350581854352362665139253294910304248332977294921875,0.0017925903356708701615052081734802413848228752613067626953125
0.00189462370017101319231989098312851638183929026126861572265625,0.00150677396713677570934397653701353192445822060108184814453125,0.00208606639391284952311789169243638752959668636322021484375,0.002114478902702408846803194819585769437253475189208984375
0.00185279456555633402492500039215883589349687099456787109375,0.0021070305102312415594656425099628904717974364757537841796875,0.00162561978356800108762303391785053463536314666271209716796875,0.001645582944930908293745819293008025852032005786895751953125
0.00182249584261529582775163138563812026404775679111480712890625,0.00177926946990219852183512383447805405012331902980804443359375,0.0021087337485936152696452960952910871128551661968231201171875,0.0016417916707589081358464877524738767533563077449798583984375
0.00180755874824865283255481696045308126485906541347503662109375,0.00171787961390072632487935333500672641093842685222625732421875,0.001972551403080973451975577148687079898081719875335693359375,0.0020264508729334255836274092388293865951709449291229248046875
0.0018465207750219645062295104054328476195223629474639892578125,0.0020153373905079517876270944753969160956330597400665283203125,0.00189771188292355117051279922435469416086561977863311767578125,0.001827243283053285767547624374174120021052658557891845703125
0.0017626747968833809954158908794852322898805141448974609375,0.002072466194316822420129486914674998843111097812652587890625,0.0019666021443499720998404622918087625293992459774017333984375,0.00168380647048777128647889522738978484994731843471527099609375
0.0020911134008087324705205123365203689900226891040802001953125,0.001827422913503867589468665499907729099504649639129638671875,0.0022416318677528769380546957989963630097918212413787841796875,0.0020532320816830811928410671640676810056902468204498291015625
0.0024635000585088279688450452198367202072404325008392333984375,0.00174807601719132528657330016841342512634582817554473876953125,0.00153526556449905715769077563237487993319518864154815673828125,0.00194444441163499066697883943533042838680557906627655029296875
0.00218370702287214342451893145380381611175835132598876953125,0.0018226371416774356237766596677829511463642120361328125,0.0024401512863843591479018346745988310431130230426788330078125,0.001894206846542384643783396569460819591768085956573486328125
0.00190663133926242023448438533961279972572810947895050048828125,0.00239410073797930410266499023919095634482800960540771484375,0.0023019503571923287561784565724565254640765488147735595703125,0.00191509998749627850973820120117352416855283081531524658203125
0.0017450366204111397196163668610324748442508280277252197265625,0.00166673537067328256765230687364010009332560002803802490234375,0.0019553640826047908631013516611574232229031622409820556640625,0.0021963399999469124419804177961168534238822758197784423828125
0.0018282664344521602772797308489316492341458797454833984375,0.001758326107390749230841020533944174530915915966033935546875,0.00185399756103772454796096980089714634232223033905029296875,0.001953166086949654177418178591096875607036054134368896484375
0.00190367769443047676718172578347321177716366946697235107421875,0.0022841479831931152909285653862525578006170690059661865234375,0.002025773791465454616578245605751362745650112628936767578125,0.002111876118840707618196095296525527373887598514556884765625
0.0022315042972828233978910272838902528746984899044036865234375,0.00194758576305916896072301103259860610705800354480743408203125,0.00188136880714131799093025154689939881791360676288604736328125,0.00179714241353007959066390153424208619981072843074798583984375
0.002465368844767117269267675538912953925319015979766845703125,0.0019062412512133139648462520909788509015925228595733642578125,0.00183553754396970796904098310875497190863825380802154541015625,0.002038960470537135548363405490590594126842916011810302734375
0.00192530871637979395134820936874575636466033756732940673828125,0.00226577006974128074279217770481409388594329357147216796875,0.001926300639748835218101330468698506592772901058197021484375,0.0019615660066744414723183265181205570115707814693450927734375
0.002444678808183398284470388972522414405830204486846923828125,0.0019672452131610251337134886995272609055973589420318603515625,0.00178236776539476816060003638853004304110072553157806396484375,0.00146317466611826821169806134292912247474305331707000732421875
0.0019835976344058071051124070294235934852622449398040771484375,0.001992579823243694099599299107694605481810867786407470703125,0.00184983745034752815848688722866199896088801324367523193359375,0.001715964314283244772363357100175562663935124874114990234375
0.0022012156005618058705886053161293602897785604000091552734375,0.0024256602033586893187033783902961658895947039127349853515625,0.0020222334335597241632143106215835359762422740459442138671875,0.0020711108170796128750967834974971992778591811656951904296875
0.0019039001211073164863962769999261581688188016414642333984375,0.00197236879194580272400827425371971912682056427001953125,0.0023634019800110347801769261621984696830622851848602294921875,0.00160161264885423019858901039214060801896266639232635498046875
0.0019825945011127991089716626760264261974953114986419677734375,0.0028410982071587370136056538427737905294634401798248291015625,0.0021857614163847904030502089511855956516228616237640380859375,0.00185297713799927369314468617034208364202640950679779052734375
0.00186764679090756593494992987558589447871781885623931884765625,0.001402823879370751654349636083907171268947422504425048828125,0.0018450501871129470869703492752478268812410533428192138671875,0.002095336974742740242250160775938638835214078426361083984375
0.002597716826267690466700788221032780711539089679718017578125,0.00197902777982905501985566587563880602829158306121826171875,0.0017277134334465703811856140958980176947079598903656005859375,0.0021379288170144477264356108747733742347918450832366943359375
0.00155022568522286794019671152256023560767062008380889892578125,0.0016790651681650287617431072106910505681298673152923583984375,0.001821223701394299697431389262192169553600251674652099609375,0.00176728648767378727739429944421090112882666289806365966796875
0.001996760295226517913091957012738930643536150455474853515625,0.00159646708115724895830911389538186995196156203746795654296875,0.0021181145067860722430719278008837136439979076385498046875,0.00189666309772295780221307293089694212540052831172943115234375
0.00304314219821951413569305344708482152782380580902099609375,0.00161748984555326580890566301462740739225409924983978271484375,0.00112903511672695863223003787112475038156844675540924072265625,0.00168785604227276639886790032818453255458734929561614990234375
0.000657501164438197113933093351789693770115263760089874267578125,0.000958369691021643591542777951275411396636627614498138427734375,0.00104350624480316171716065554164742934517562389373779296875,0.0012097582755011167254810544591236975975334644317626953125
0.0012536200966195222734900216465803168830461800098419189453125,0.00133611440203770977241948259006676380522549152374267578125,0.001142066834956954012036955958819817169569432735443115234375,0.00121928399140707843621711514714434088091365993022918701171875
0.00192414140174375510559945379185364799923263490200042724609375,0.0015383938096863026927241246966104881721548736095428466796875,0.00178424479145429526472099723832798190414905548095703125,0.001293231376508549752835097734759983723051846027374267578125
0.0014221956846431544653486245266549303778447210788726806640625,0.00137587534400330883943563975435608881525695323944091796875,0.0011057082719020130089082609714523641741834580898284912109375,0.000945930931077560745168231193247265764512121677398681640625
0.00129109245170103115706028429343632524251006543636322021484375,0.00133289779677459789379578847245966244372539222240447998046875,0.00197612531277892473913215809488974628038704395294189453125,0.000950978650057557155228504797150890226475894451141357421875
0.0009099712842056983420901961068238961161114275455474853515625,0.00157469479852423931663663037028300095698796212673187255859375,0.00110058574210071535848243229338550008833408355712890625,0.00169930963323923120943115261383127290173433721065521240234375
0.0012972568927374001669650116497223280020989477634429931640625,0.0017035602629516173080193031097451239475049078464508056640625,0.00136648928995337860976821975356187977013178169727325439453125,0.00140346074287320331068495971038601055624894797801971435546875
0.00140399142894784430789234530578823978430591523647308349609375,0.0013811044488405660284058296127795983920805156230926513671875,0.00129873055081849465841603574745022342540323734283447265625,0.00132171382398734295164632879249211327987723052501678466796875
0.00097409211098237213390105271315633217454887926578521728515625,0.00158816203529103263346333729799653156078420579433441162109375,0.0011837141109155547256948093348682959913276135921478271484375,0.0019192740896054314748975233584360466920770704746246337890625
0.00128047091177215812372869319091250872588716447353363037109375,0.001293498731958220293591921290499158203601837158203125,0.00158403946971599957939391689620833858498372137546539306640625,0.0010846075363345609836318583774072976666502654552459716796875
0.00111145735609274854370498442079906453727744519710540771484375,0.00116997047095199614534510867969174796598963439464569091796875,0.000610019991844902055577737343128319480456411838531494140625,0.000914813042726517092022298083264786328072659671306610107421875
0.00115657937915179527370301837407851053285412490367889404296875,0.0010672084480155309693660825587357976473867893218994140625,0.00147243116495387039825704089679447861271910369396209716796875,0.001324284921748825928633497284181430586613714694976806640625
0.001214459074864191433229532179893794818781316280364990234375,0.0014564494074384404763422562467667376040481030941009521484375,0.00141659572878391763935124192386183494818396866321563720703125,0.00154337480228433957495093320488876997842453420162200927734375
0.001103099994310126168162167203945500659756362438201904296875,0.001093618063648378428698304531963003682903945446014404296875,0.001238673231505354847825639552638676832430064678192138671875,0.0015762124251129223072298568553151199012063443660736083984375
0.001367731252529203779533251150724026956595480442047119140625,0.00104859034892428363248961797893343828036449849605560302734375,0.001444140709945318686024950949331469018943607807159423828125,0.0012436899360485664280118189850554699660278856754302978515625
0.0009629523242597700684319850239489824161864817142486572265625,0.0014292315836086362350332290560572801041416823863983154296875,0.001361016004193096005925323055407716310583055019378662109375,0.00148377712883806319073276558384577583638019859790802001953125
0.00155623142834584852513268860008111005299724638462066650390625,0.0013395281521607093656867082387407208443619310855865478515625,0.00180242532910539926017945422387356302351690828800201416015625,0.00165415706939246102795404436136550430092029273509979248046875
0.0011357321818617972970788532194319486734457314014434814453125,0.00132390925631027081728341432409479239140637218952178955078125,0.00100094221800260826070461117609511347836814820766448974609375,0.00133024335089628928906202443016582037671469151973724365234375
0.000866921546528187278966848250405519138439558446407318115234375,0.00157647343252988181294682590305455960333347320556640625,0.0012864373960944541948336894421345277805812656879425048828125,0.00161389664111835878616829642595575933228246867656707763671875
0.00139343642098340163466840824213477390003390610218048095703125,0.00105495143499710381136680314995146545697934925556182861328125,0.0012328826313579665900632686970084250788204371929168701171875,0.00167715370658308719938045516784086430561728775501251220703125
0.0013702925756179690393310455220898802508600056171417236328125,0.00110592859618999250249926635802921737194992601871490478515625,0.00132932740082686230882746958315010488149709999561309814453125,0.00074001556536559581940537544397784586180932819843292236328125
0.000895556707494059799599950277837479006848298013210296630859375,0.00106647275294234947749794084614904932095669209957122802734375,0.00138921586390591583932974106829760785331018269062042236328125,0.0010079386712807257737989363732822312158532440662384033203125
0.0014674732018653872077373900850716381683014333248138427734375,0.00103069674434620663257267114687465436873026192188262939453125,0.0011362282319841263307502732260445554857142269611358642578125,0.00107825859225756126059947437312303009093739092350006103515625
0.001079287544342974296263104605486660148017108440399169921875,0.00170135458859350528933174206969169972580857574939727783203125,0.00187632594425693227831175580178069139947183430194854736328125,0.00101478989638481369682521116004636496654711663722991943359375
0.001237234461079855969700691531443226267583668231964111328125,0.00113753087520279010970425392912375173182226717472076416015625,0.0012387804765420971052358733999199102981947362422943115234375,0.0015877417745028634711579318405938465730287134647369384765625
0.0012560002067501831179985316566671826876699924468994140625,0.0014270014645937812054754534329958914895541965961456298828125,0.00105439605093325303696027983590965959592722356319427490234375,0.001070167785404412853778044478758602053858339786529541015625
0.00113891818543515751203931696267090956098400056362152099609375,0.0010439410824522776972955728780334538896568119525909423828125,0.0013119919740120253130732930202384522999636828899383544921875,0.000956830207569920655231998640743995565571822226047515869140625
0.00122811705609509637382448232756360084749758243560791015625,0.00136583309730801722055304470160308483173139393329620361328125,0.0015832855564518444856092482808662680326960980892181396484375,0.00155035569225356220472711310520708138938061892986297607421875
0.00106381844191350406585161447736709305900149047374725341796875,0.001322459002698232917449860934766547870822250843048095703125,0.00139156771047730244521278830660548919695429503917694091796875,0.00130620019378271750264131068064443752518855035305023193359375
0.00136049983249681588105828300427901922375895082950592041015625,0.0013210645589803969579545395163222565315663814544677734375,0.0012499549943010388082520467634140004520304501056671142578125,0.000961724602618082452000491944232862806529738008975982666015625
0.00131155003760426657442861309021964189014397561550140380859375,0.00113318427187076588812109090298463343060575425624847412109375,0.00162658742701162254383484562225703484728001058101654052734375,0.00122836434147238792759238013019285062910057604312896728515625
0.001629111479416492543059735709221058641560375690460205078125,0.00137496276446910235986831327892332410556264221668243408203125,0.000807759605512671703154981006633761353441514074802398681640625,0.00111018072903918026128611273861679364927113056182861328125
0.00153993393378508598712262056551480782218277454376220703125,0.00103520785967184760813231125808897559181787073612213134765625,0.00179391468889322975611977373233685284503735601902008056640625,0.00168291148432344966033580302422478780499659478664398193359375
0.001117685452913783940298575458882623934186995029449462890625,0.00159791057169342515069387911097464893828146159648895263671875,0.0018255442119016022928246201217916677705943584442138671875,0.00126697730809246481183116816993106112931855022907257080078125
0.00137191429992031461472523634625986233004368841648101806640625,0.000942452879302497332179855416001146295457147061824798583984375,0.00126625602092593253673868947117853167583234608173370361328125,0.0015193390871349708726167904160320176742970943450927734375
0.0012088506053016222219209652166682644747197628021240234375,0.00109261917930570458430683533634919513133354485034942626953125,0.00144803149490758953366054129219264723360538482666015625,0.0011203389224373155701186544064285044441930949687957763671875
0.00139524715164254646017349958952991073601879179477691650390625,0.00147412362643873674772354576134603121317923069000244140625,0.00110593321204706190007127641905526616028510034084320068359375,0.0017950047321934337052340424634166993200778961181640625
0.00164797510604155800391368291712979043950326740741729736328125,0.0013105783757291493592245235078053156030364334583282470703125,0.0013574823069430817616687345861237190547399222850799560546875,0.00125267282157847325251009973356985938153229653835296630859375
0.0018495463602326354772553695937631346168927848339080810546875,0.0013591340264839202149615982051500395755283534526824951171875,0.00114895397135802881764810035036816771025769412517547607421875,0.00141357766959487418483021325954496205667965114116668701171875
0.00165976431829212441558529800289534250623546540737152099609375,0.0014411813323397799739555846798566562938503921031951904296875,0.001262863106721572037383083397799055092036724090576171875,0.00153183956116052961970996904028652352280914783477783203125
0.0016864667477484236897400382559908393886871635913848876953125,0.00162382341464019515873962173913014339632354676723480224609375,0.00112750401735515234750983903921905948664061725139617919921875,0.000931798317012452379480558217750285621150396764278411865234375
0.0011918368917725311907640506348116105073131620883941650390625,0.00124610736497918965330622409481975410017184913158416748046875,0.00114004882739846837534647416845245970762334764003753662109375,0.0011044854409897118634187318519934706273488700389862060546875
0.0014676925710821763816638085842214422882534563541412353515625,0.0020614072218932580175809743394665929372422397136688232421875,0.001601602847782193118908455886639785603620111942291259765625,0.00134402787713169586010508727014212126960046589374542236328125
0.0014367397777124792969394295738538858131505548954010009765625,0.00147026412593288216719422667466687926207669079303741455078125,0.00186480812996121726905773829940926589188165962696075439453125,0.00098612507285906060398861239235657194512896239757537841796875
0.00114985985490576318908406694418999904883094131946563720703125,0.0023629230535428193300806487542331524309702217578887939453125,0.00177440831059363056387834234328693128190934658050537109375,0.00100328401775345139000650274141435147612355649471282958984375
0.0015427398652074716424442701878660955117084085941314697265625,0.000819750447967416257487316411101119228987954556941986083984375,0.0011931836462568579278198388493592574377544224262237548828125,0.00134175046411320604382300114565396143007092177867889404296875
0.00167777923667889968840916115055961199686862528324127197265625,0.001423165054371795801291256111653638072311878204345703125,0.00101697431232584587466882819484226274653337895870208740234375,0.00166003953565564189333303435347488630213774740695953369140625
0.00081058719615733037903992919126494598458521068096160888671875,0.00097701691018393824021692761760959911043755710124969482421875,0.00114508135848627348556127980572227897937409579753875732421875,0.0010538616018234124062369350127710276865400373935699462890625
0.00130964748473368368560099117559047954273410141468048095703125,0.00110918472334494105750735126747485992382280528545379638671875,0.00118704982246231605103048423188738524913787841796875,0.00128441922478466676038610927435001940466463565826416015625
0.00162283539596623743554715257886300605605356395244598388671875,0.000546557932215107982430735145129574448219500482082366943359375,0.000131075106875695279566584883212954082409851253032684326171875,0.00074016551606682890428190457754453746019862592220306396484375
-0.0003493341150386072477794507928905431981547735631465911865234375,0.0003574400164514625268148695358405575461802072823047637939453125,0.0000321081352515626536792310574686126756205339916050434112548828125,0.0004602052248343681262188198388685123063623905181884765625
0.00051205524509901375988796257132662503863684833049774169921875,0.00058498766275183141684357313039299697265960276126861572265625,0.0002136335177216999487055659745493585432996042072772979736328125,0.000369209364790173337304846068462893526884727180004119873046875
0.0013192239926725370623150634941112002707086503505706787109375,0.00063461269416981006853684110780022820108570158481597900390625,0.00098055433773684892197197715546508334227837622165679931640625,0.000303433380265776962876611566599649449926801025867462158203125
0.000603545560542473910441152451511470644618384540081024169921875,0.0001504949716587081231557176952406962300301529467105865478515625,0.00014417207601778316114655986712733692911569960415363311767578125,-0.000027546173829323152004722174979178817011415958404541015625
0.0002623781687107609793090101657497825726750306785106658935546875,0.000410484700371956091023706303388962624012492597103118896484375,0.00102519157681554471360507729826849754317663609981536865234375,0.00004820820286774763516017550113446077375556342303752899169921875
-0.000001172705798908424705125574070974092677488442859612405300140380859375,0.000890454728699325757067251085885573047562502324581146240234375,-0.0000306798527566941995107195617631390405222191475331783294677734375,0.000713515163446395810076250398878983105532824993133544921875
0.0002580726840039871089298173512105449844966642558574676513671875,0.000906069726161263838855319807663590836455114185810089111328125,0.0002791576217993905519032526996170417987741529941558837890625,0.000562298025875030880148253142891690004034899175167083740234375
0.00067402581597564791525412086770074893138371407985687255859375,0.0004854913423770062532412727929198581477976404130458831787109375,0.000569621893270294836660039283771084228646941483020782470703125,0.000526257390716433734630108620677901853923685848712921142578125
-0.0001108671468866595272335928701323837231029756367206573486328125,0.000761686066700456164586807705774162968737073242664337158203125,0.00016133972397115657853965131618423356485436670482158660888671875,0.001185494067994984253300305709899475914426147937774658203125
0.00061010120335664688902277408288910010014660656452178955078125,0.000289045801312785908925018230064551971736364066600799560546875,0.00079767630567153234057153898817205117666162550449371337890625,0.0002069118566567750287961413580006819756818003952503204345703125
0.000449860381123003334226384541949528284021653234958648681640625,-0.000073177094462779389608640678854811767450883053243160247802734375,-0.000552482324456927444134013427401441731490194797515869140625,5.201748371746037737030528280701702215083059854805469512939453125E-7
0.00022067922437918734168173229281961766901076771318912506103515625,-0.0000364864508632825360295685868106119187359581701457500457763671875,0.0006757923521079410404677201285039700451306998729705810546875,0.0003256185478572359349482001622533289264538325369358062744140625
0.000463965629680206082495474984028760445653460919857025146484375,0.00067380247841544054811235842095129555673338472843170166015625,0.00090206901906180717194694285154810131643898785114288330078125,0.000734056884320621254140515343777906309696845710277557373046875
0.00032435624833860275673114159644683240912854671478271484375,0.00019327919820763639715578696698372596074477769434452056884765625,0.0004674254380523188020200853198815593714243732392787933349609375,0.000540787364509249537068702462505598305142484605312347412109375
0.00050837823259682599942588243635555045329965651035308837890625,0.00015438473101081246104115951567337106098420917987823486328125,0.0008249087312322844235679131230654093087650835514068603515625,0.0003130749607842316247462155498482161419815383851528167724609375
-0.00001915614537390825184641311718092282490033539943397045135498046875,0.00024227080639378662115478169081228543291217647492885589599609375,0.000494590297018529067955838751657893226365558803081512451171875,0.000658957095014227442648924171209046107833273708820343017578125
0.000682095383793814079124995242153772778692655265331268310546875,0.00051413891367493662863663583806328460923396050930023193359375,0.00097576244328727713799043197440141739207319915294647216796875,0.0007516757815686915360220421433723458903841674327850341796875
0.00009201716721363587870620437403346159044303931295871734619140625,0.0002746912359555206688439821238745253140223212540149688720703125,0.0001495167566659833251370426143722625056398101150989532470703125,0.0004154941355831324252718961265173902575043030083179473876953125
-0.0002599710610937038348690342193236801904276944696903228759765625,0.000620585293440223070317307563215081245289184153079986572265625,0.0004448564989626872866017304186669889531913213431835174560546875,0.000779149715293037288532662643092407961376011371612548828125
0.0004725678024090095344887652029086666516377590596675872802734375,-0.0000277059124486002240450414901840048287340323440730571746826171875,0.0005361800099705203194455638282533982419408857822418212890625,0.000697063256963504772507900231204303054255433380603790283203125
0.000781369201036675119741159445396760929725132882595062255859375,-0.0001068722631962731417325229710257872284273616969585418701171875,0.00024182771187450464371419822651176900762948207557201385498046875,-0.000020094240394761850678796710756301990841166116297245025634765625
0.000099731957537784141098503865041635663146735168993473052978515625,0.00007829446725207491494628875283723346001352183520793914794921875,0.000485182225550305121740402025665162000223062932491302490234375,0.0000473430246603893215592666343649597138210083357989788055419921875
0.0004668107887531630010961858356921538870665244758129119873046875,0.0000536821455691939317480566862261781579945818521082401275634765625,0.000206834362665674650720581961849120489205233752727508544921875,-0.0001261267898835860610910752921398625403526239097118377685546875
-0.000061907312003101172786893868771329607625375501811504364013671875,0.0010799633350357528034646481529534867149777710437774658203125,0.000901516650551729341149520546849771562847308814525604248046875,0.00020417653627002589514054242680884954097564332187175750732421875
0.000254794474520650556480239057322023654705844819545745849609375,-0.00007312940627058226394051343444147050831816159188747406005859375,0.00054387449529042842556736392367611188092269003391265869140625,0.00086906521727842141189501745657253195531666278839111328125
0.0002179742860500398396288168623158298942144028842449188232421875,0.00075821381315514281562517595602912479080259799957275390625,-0.00012581802303990614476554565914767636058968491852283477783203125,0.000058476069560771992195992441398999517332413233816623687744140625
0.0003959562172706565324163674457480510682216845452785491943359375,0.000084103579576466833936550238082219266289030201733112335205078125,0.0005030027053854100281549133200087453587912023067474365234375,-0.0000933529630568252018381347756559307526913471519947052001953125
0.000546561729964631696186694309602671637549065053462982177734375,-0.000011679397982342603677196994638176619218938867561519145965576171875,0.000368338135044777941450033775794281609705649316310882568359375,0.00081335183922267456115007266959082699031569063663482666015625
0.00015686189042581763432478159092653413608786650002002716064453125,0.00054324259997179185320559380301119745126925408840179443359375,0.0004122806636641354236481882278297916855080984532833099365234375,0.00042259415075837397819669138954168374766595661640167236328125
0.000447158744285724974419637955946882357238791882991790771484375,0.000606521371936150229496609309620680505759082734584808349609375,0.000259561480973799691730763417041316643008030951023101806640625,-0.0000557109704167290295507251884910004946505068801343441009521484375
0.000503215778794459801630256645665895121055655181407928466796875,0.0000590121448336687094704533507183441543020308017730712890625,0.00113410309305688144880519541146668416331522166728973388671875,0.000496856037336282558604383385869596168049611151218414306640625
0.00080275927579226522175226410382720132474787533283233642578125,0.000296357314482938844456272331484569804160855710506439208984375,0.00002194289165013455668979368284876585448728292249143123626708984375,0.000351755003707818485365887983817856365931220352649688720703125
0.000496879529086313481874015440808989296783693134784698486328125,0.00022538806386548739294460597104574617333128117024898529052734375,0.000873540621667462098380585455714708587038330733776092529296875,0.0008609736042510048210918416344838988152332603931427001953125
0.000177077852327554006485466064901856952928937971591949462890625,0.000747183391008378132956690986787862129858694970607757568359375,0.000885590663022872508734761876070251673809252679347991943359375,0.000183540808712140597093454008614799022325314581394195556640625
0.0004535370412688271191288535977292895040591247379779815673828125,0.00001313668254406539617263650898681959233726956881582736968994140625,0.000600220191085565281559344175121850639698095619678497314453125,0.00083655944382404084404269983821222922415472567081451416015625
0.000303412410616572293664550130642965086735785007476806640625,0.00011487211582534475186150035863619223164278082549571990966796875,0.0004022710037212827200066300736835955831338651478290557861328125,0.000377496020325923838101278562362494994886219501495361328125
0.000813043640520942113847358001521570258773863315582275390625,0.0006803249702355359564143189032847658381797373294830322265625,0.0004590580727671373490426931507357721784501336514949798583984375,0.000780864328140804171175803904958456769236363470554351806640625
0.000962685864359654722317849451229676560615189373493194580078125,0.000357788749907061629472460051459847818478010594844818115234375,0.00060521259571977878248538740280082492972724139690399169921875,0.0004825813436716213191725322051439661663607694208621978759765625
0.001185683058459647588878116408750429400242865085601806640625,0.000681043711063759947370310765535350583377294242382049560546875,0.0003292595065374923839034149164461950931581668555736541748046875,0.00038157185981189749822417578428712658933363854885101318359375
0.000429803405494547639299762753495315337204374372959136962890625,0.0006651217155096262288738184764724792330525815486907958984375,0.000227927666336742891506350616737108794040977954864501953125,0.000864095005587197317019343412169973817071877419948577880859375
0.00100870897160156773424144471817953672143630683422088623046875,0.00070385199103688463051486934318745625205338001251220703125,0.0003317206030874750625168922990582132115378044545650482177734375,-0.00008405945120496034653027883631892791527207009494304656982421875
0.00051518045183645004743422379789308251929469406604766845703125,0.000663368590522629936016840712653674927423708140850067138671875,0.00012024812469867116634762715943196553780580870807170867919921875,0.000015316678220997904350149376728751349219237454235553741455078125
0.000915476191584596739846124702211227486259303987026214599609375,0.00112750179039124869863341960041225320310331881046295166015625,0.000709111068045663946353418527479561817017383873462677001953125,0.0003873891354879466816622801683678289919043891131877899169921875
0.00049630488563122822191775451727835388737730681896209716796875,0.000713518269683236579410678945833979014423675835132598876953125,0.00105213052526806111371115992625391299952752888202667236328125,0.000054197864198228287951723813886673042361508123576641082763671875
0.00010801748375854249429976750018767006622510962188243865966796875,0.0014698504720728404297769298381126645836047828197479248046875,0.00097925357175684892181710683445317044970579445362091064453125,0.00010589342460041352845905027191264480279642157256603240966796875
0.000721974995926801649780146785673196063726209104061126708984375,0.000030916262856585361470766748492877695753122679889202117919921875,0.000602128127710668922985270956615977411274798214435577392578125,0.000527267627791369228838769256384466643794439733028411865234375
0.00100390761180772758974499847539618713199160993099212646484375,0.000709900411767221844495934224283928415388800203800201416015625,0.0001611683171922962992846095620080859589506871998310089111328125,0.0006438071046887092370447636113794942502863705158233642578125
-0.000100501041820882157872517337349194121998152695596218109130859375,-0.0001700906522991015262617764403074716028640978038311004638671875,0.00015985749305762672069740337743581903851008974015712738037109375,-0.000080035928585437806303225227733122437712154351174831390380859375
0.000700797204116188217869198862075563738471828401088714599609375,0.000077659340180295997305322253101422802501474507153034210205078125,0.0004146326059135322489833386239155288421898148953914642333984375,0.000356148033254914263452672873455640001338906586170196533203125
0.00553043555845593275133165178658600780181586742401123046875,0.005001047347102439456778544268900077440775930881500244140625,0.004975411496055813509453713550101383589208126068115234375,0.004942864614479568728666603050214689574204385280609130859375