0.07349387034656944261978850363448145799338817596435546875,0.0301571254422061153788181542267921031452715396881103515625,-0.004089772810544073898542105638398425071500241756439208984375,0.34831657840819152394118418669677339494228363037109375,0.047540505938818596043393682748501305468380451202392578125,-0.0294445094071681574832144434594738413579761981964111328125,-0.2137841404770866038376198048354126513004302978515625,-0.154172836533467971786848238480160944163799285888671875
-0.049674751073208282814430702956087770871818065643310546875,-0.1434701528395198877330329878532211296260356903076171875,0.1746610814017779400586505289538763463497161865234375,0.1309239065156675707601863223317195661365985870361328125,0.1048177027527265325890226677074679173529148101806640625,0.266454795854158710266545995182241313159465789794921875,0.1421413615914298989029163067243644036352634429931640625,0.39087515253234972334439589758403599262237548828125
0.440145982210490449570983173543936572968959808349609375,-0.047230127541780630995305045871646143496036529541015625,0.1371630506540926497383026116949622519314289093017578125,-0.0196328171039591610480545824657383491285145282745361328125,0.43230656884647766791118783658021129667758941650390625,-0.161704206331598931978277278176392428576946258544921875,0.03643662530258733045496200020352262072265148162841796875,0.36193272423781774893569718187791295349597930908203125
0.057554228495997804271322451086234650574624538421630859375,0.241546578006622769674294204378384165465831756591796875,-0.1559165230521238065808375949927722103893756866455078125,0.11488236005670134087797151778431725688278675079345703125,-0.3397527354322704695732682012021541595458984375,0.08929206160679258041934502898584469221532344818115234375,0.1653836278232118928155358617004822008311748504638671875,-0.086213118782766551273510913233621977269649505615234375
0.014043356709187722330955949701092322356998920440673828125,0.1548272428711859605154899099943577311933040618896484375,0.28154097223212526390767607153975404798984527587890625,-0.00116775191949085549274200968028480929206125438213348388671875,-0.165113782870275394021319925741408951580524444580078125,0.18240376648009737348132830447866581380367279052734375,0.049076539994522584697822509269826696254312992095947265625,-0.2669303114202861149095724613289348781108856201171875
0.380069149886683665950926069854176603257656097412109375,-0.12488053924875629208113281265468685887753963470458984375,0.04891704309897305924526023090948001481592655181884765625,0.051065638032499229004290697275791899301111698150634765625,-0.0190234757358875745947290880621949327178299427032470703125,-0.004694868256263764159930129693520939326845109462738037109375,0.0021983736325088911768566024562687744037248194217681884765625,0.150699359173386671084671206699567846953868865966796875
0.06849355507518357921714624580999952740967273712158203125,-0.142010983863171069696562653916771523654460906982421875,0.439800812858467338184453865324030630290508270263671875,0.00422240736388239217002915637522164615802466869354248046875,0.2220775535967545455395821818456170149147510528564453125,0.06357612860154214506902548009747988544404506683349609375,-0.2449801899344210276421307526106829755008220672607421875,-0.0282878406001590664009537334777633077464997768402099609375
0.038486026910521824173638805177688482217490673065185546875,0.03019820631963203438896670149915735237300395965576171875,0.14360691020570737208572609233669936656951904296875,-0.07292514924696147371463439412764273583889007568359375,-0.135589539906060541074594993915525265038013458251953125,-0.14847939121275555152124070446006953716278076171875,-0.00844787270624202356328336094293263158760964870452880859375,0.4833659390424156487853224462014622986316680908203125
0.0639320963509926454282350505309295840561389923095703125,-0.131347577844496188337330977446981705725193023681640625,-0.41217021496513195355504421968362294137477874755859375,0.262792357844034707436975395467015914618968963623046875,0.1794007339741059137150358537837746553122997283935546875,0.0257819116311760014592646683695420506410300731658935546875,0.44163948678827347205100295468582771718502044677734375,0.1730615714512139524661193945576087571680545806884765625
-0.10267181865659251449596212069081957451999187469482421875,0.26189881237369327937614116308395750820636749267578125,-0.2273159473179315881452566827647387981414794921875,-0.053217928071689644953234932245322852395474910736083984375,0.0186902793479872021686905014803414815105497837066650390625,-0.1395736771648462271055990413515246473252773284912109375,-0.02649053866100918586123924569619703106582164764404296875,-0.204578178382445796668065440826467238366603851318359375
-0.08138346483265269937223962415373534895479679107666015625,-0.2059703757302585869215505454121739603579044342041015625,-0.1258996622238705842544703727980959229171276092529296875,-0.2148844088018586340194104877809877507388591766357421875,0.1765670153686846044482905426775687374174594879150390625,0.1634353148840872460567652524332515895366668701171875,-0.292714427834773471825968726989231072366237640380859375,-0.14734427354535906129484601478907279670238494873046875
-0.1869632939458043263680764312084647826850414276123046875,-0.093402521462920218286996032475144602358341217041015625,-0.22584741691182552703054398079984821379184722900390625,0.1760187490641267615831822013205965049564838409423828125,-0.28446532881859665220503075033775530755519866943359375,-0.11366210013084017405038395054361899383366107940673828125,0.03833518729055633567082139734338852576911449432373046875,-0.051597182796593289710873619924313970841467380523681640625
-0.0123214906819357795930702792475130991078913211822509765625,-0.020035150541273284707788349123802618123590946197509765625,-0.03799972933135010999539105114308767952024936676025390625,0.11758616094279518426990449597724364139139652252197265625,0.29638554805755201737582638088497333228588104248046875,0.0008055784926058822369154821529946275404654443264007568359375,0.1428931106909703541152367733957362361252307891845703125,-0.1331145692216374187832883535520522855222225189208984375
0.0272128640158587446762350481321846018545329570770263671875,0.267735518795189253449251509664463810622692108154296875,-0.445448224068327236491171561283408664166927337646484375,0.09242095010021543488587525416733114980161190032958984375,-0.06064635235021494097384930910266120918095111846923828125,0.11207812681169156132643394130354863591492176055908203125,0.0880900409573092402215621632421971298754215240478515625,0.0201939595023369021509207499320837086997926235198974609375
0.03663646100574648178938019782435731031000614166259765625,0.259632259612698701456423577837995253503322601318359375,0.0129158797936204904066581633514942950569093227386474609375,-0.1868503416592378896243786812192411161959171295166015625,-0.156484043334658984303331408227677457034587860107421875,0.2256972245988904390845419811739702709019184112548828125,0.12436589803698024081501927184945088811218738555908203125,0.03611978519657420283461846111094928346574306488037109375
0.01448313681479232277460322819706561858765780925750732421875,0.0717985822810731366683256737815099768340587615966796875,0.025190700400925802870943925881874747574329376220703125,-0.10154995952081304066982880840441794134676456451416015625,0.021089439972955557889289224249296239577233791351318359375,-0.0406433642009153273111365933800698257982730865478515625,0.2284870936664758767076222056857659481465816497802734375,-0.237422268697934757408773975839721970260143280029296875
-0.04281041208976181511314251793010043911635875701904296875,-0.02092350071865471672349912068966659717261791229248046875,0.316407763449471357564135587381315417587757110595703125,0.1250333004191106212044104495362262241542339324951171875,0.32778355890065136168942672156845219433307647705078125,0.18915251248753672808078363232198171317577362060546875,0.138646236732596739305023447741405107080936431884765625,-0.1730225866113439259219575205861474387347698211669921875
-0.024666678593839190536396444031197461299598217010498046875,-0.0780307434772067043393661833761143498122692108154296875,0.162804093062319188423003879506723023951053619384765625,0.1146625038423842168899824400796205736696720123291015625,-0.1710322965786991444847586762989521957933902740478515625,0.165404383112109421016810983928735367953777313232421875,-0.266317799395764165382161081652157008647918701171875,-0.0277628608114047457922080042180823511444032192230224609375
-0.2258325922013602049531755255884490907192230224609375,-0.1937591495984431755328358804035815410315990447998046875,0.295425490443065819068380051248823292553424835205078125,-0.091970471434860201487282438392867334187030792236328125,-0.0273460076586050405966776821742314496077597141265869140625,-0.1585874678074150889717230938913417048752307891845703125,-0.00417030496570212384777054381856942200101912021636962890625,-0.1523932747458212333402371996271540410816669464111328125
0.065611145340329135589030329356319271028041839599609375,-0.013693757465489196645247460537575534544885158538818359375,-0.10970712292916140473408859179471619427204132080078125,0.2196932034797788035884735791114508174359798431396484375,0.125693177616843509980526505387388169765472412109375,0.41217282217360307061682078710873611271381378173828125,0.132426990393941179657844031680724583566188812255859375,0.1054198801695679088563650793730630539357662200927734375
-0.15755535137565546133231464409618638455867767333984375,-0.1591228736444995905952026760132866911590099334716796875,0.055930255223729873070848128691068268381059169769287109375,0.456517578363864029444840753058088012039661407470703125,0.56830966316502917745623335576965473592281341552734375,-0.2278105020851509954216140840799198485910892486572265625,-0.00930355984724486571868506956661803997121751308441162109375,0.265953560732138660771539662164286710321903228759765625
-0.10590603867588281594702692700593615882098674774169921875,-0.29614365338010861794515449219034053385257720947265625,0.0479545491869824147546097492522676475346088409423828125,-0.134208109468532066355095366816385649144649505615234375,0.1535699990749046228710739114831085316836833953857421875,-0.103889306456762364749835114707821048796176910400390625,0.67035598034730814465120829481747932732105255126953125,-0.10600758199259197045449809593264944851398468017578125
-0.053228540879391376960949600061212549917399883270263671875,0.416779840186685734959581850489485077559947967529296875,0.00940927594677330204897547361042597913183271884918212890625,0.1011402802146208756983725152167608030140399932861328125,0.042334617629312398801033623385592363774776458740234375,-0.261553354264172310816860544946393929421901702880859375,0.07640942419963596410337203224116819910705089569091796875,-0.197968964471195552068394363232073374092578887939453125
0.396549909620663054710121286916546523571014404296875,0.10218198291091219742643403378679067827761173248291015625,0.160770313274602172359806218082667328417301177978515625,0.268641530147810725370760565056116320192813873291015625,-0.1416366589491648009246915762560092844069004058837890625,0.1113720505800806781504519449299550615251064300537109375,0.09138619343318389598440631971243419684469699859619140625,-0.112491108614305168611480212348396889865398406982421875
-0.302334401235885952274884402868337929248809814453125,0.0777423744341821099101963454813812859356403350830078125,0.148352587259052592916219737162464298307895660400390625,0.0455171329477130071072821237976313568651676177978515625,0.295038173957258453850016621800023131072521209716796875,0.043900876875160588230784242114168591797351837158203125,-0.376887922714515932742784798392676748335361480712890625,-0.0238647469907858796045463378732165438123047351837158203125
0.165285838916935656772722040841472335159778594970703125,0.1428063240481936002623797321575693786144256591796875,-0.04455579436675062565686999960234970785677433013916015625,0.09138327722664922603268422562905470840632915496826171875,0.1920121040209445684165956436117994599044322967529296875,-0.06035583149701669036790718791962717659771442413330078125,0.07075806877396269289892671849884209223091602325439453125,0.0362254638074281098969464665060513652861118316650390625
0.2016924828731345431531707390604424290359020233154296875,-0.07797526332968938989065321720772772096097469329833984375,0.1318012765781262085607039580281707458198070526123046875,0.19261031721085597467890693224035203456878662109375,0.2479226934383478575529835552515578456223011016845703125,0.143975354156990087428624747190042398869991302490234375,-0.12351924346473434901394483631520415656268596649169921875,-0.1214969863319878273788532396793016232550144195556640625
-0.11309598275966760427824198131929733790457248687744140625,0.303598239334480213269529258468537591397762298583984375,-0.004078795854646597059123269701785829965956509113311767578125,-0.060764689530417949347995687503498629666864871978759765625,-0.40713505471306721261726124794222414493560791015625,0.2180974897496077147263093820583890192210674285888671875,-0.174517537859239457720406107910093851387500762939453125,-0.079136530221863010670091398424119688570499420166015625
-0.10232911773631096774561655138313653878867626190185546875,-0.3261933464335144972068292190670035779476165771484375,0.270563557137355192860894703699159435927867889404296875,0.09084561482121798758893049807738862000405788421630859375,-0.06631793759829039680564477521329536102712154388427734375,-0.387664273548847748696033477244782261550426483154296875,-0.00470593086921931684496467340750314178876578807830810546875,-0.047671409939159907487304934647909249179065227508544921875
0.0242110863057470489245748268558600102551281452178955078125,-0.08307279092413195897837141501440783031284809112548828125,0.1758570969606670642004786486722878180444240570068359375,0.189653540804932629892931572612724266946315765380859375,0.0469936630735887372889436619516345672309398651123046875,-0.194941396152966073263002044768654741346836090087890625,-0.11677136480349921410226698981205117888748645782470703125,-0.2070408260110269405007699106135987676680088043212890625
-0.3556008792233915638547614435083232820034027099609375,-0.27047464794800024634469082229770720005035400390625,-0.283454157064704947988076355613884516060352325439453125,-0.420414420516039388786566632916219532489776611328125,0.1878648331026009643540675142503459937870502471923828125,-0.1709485426601832502857547524399706162512302398681640625,-0.04785025356631265880391623568357317708432674407958984375,-0.006923048763967285489095981887430752976797521114349365234375
0.246152975141694707605921621507150121033191680908203125,0.0468273657932818110349870721620391122996807098388671875,0.09977476056703782347767628380097448825836181640625,-0.360437181832689745863973485029418952763080596923828125,-0.1157318845367409088087384816390112973749637603759765625,-0.10728896589809523709480032493956969119608402252197265625,0.044069308557958548899780026886219275183975696563720703125,0.0677651927459876624038059844679082743823528289794921875
0.0032208380459146056240538058546007960103452205657958984375,-0.2338297143043942261098067092461860738694667816162109375,-0.11251702043610001258144848179654218256473541259765625,-0.11422486111711856182626689815151621587574481964111328125,0.06676637455091478934310345039193634875118732452392578125,-0.11093593494116392450532515567829250358045101165771484375,0.0209555979270004653913783698726547299884259700775146484375,0.2092727604936657492817886350167100317776203155517578125
-0.143391177032725580797745124073117040097713470458984375,-0.07265024833595225273175088887001038528978824615478515625,0.09579782142156899327201102778417407535016536712646484375,-0.319030719235605386696619234498939476907253265380859375,-0.07347539756206578065445000902400352060794830322265625,0.1683058047125582656899922540105762891471385955810546875,-0.0264949697510402128186601800052812905050814151763916015625,-0.07929925323075724674648512291241786442697048187255859375
0.08744844591191507088279166737265768460929393768310546875,0.0214597096393797891200616589912897325120866298675537109375,-0.293477749213510830106343973966431804001331329345703125,0.033188154660435904841353504934886586852371692657470703125,0.049231439902557565246876691844590823166072368621826171875,-0.30948472945462512928571641168673522770404815673828125,0.036486631354669209204022450876436778344213962554931640625,0.31297501258095650200630188919603824615478515625
0.0961643407887518009147242992185056209564208984375,-0.192884796703097105563529112259857356548309326171875,-0.2360693932076103618289408814234775491058826446533203125,0.06141377867156087855260437891047331504523754119873046875,0.1683275982681316229605528178581153042614459991455078125,0.32824315272964221801288431379362009465694427490234375,0.1513384233212544949243039127395604737102985382080078125,-0.01366928135346935115068678356919917860068380832672119140625
-0.273948939035613292514170780123095028102397918701171875,0.041092286503732151914380921198244323022663593292236328125,-0.2102518717214133803228293118081637658178806304931640625,0.291354311634903939687291085647302679717540740966796875,-0.07709997888057158743624341923350584693253040313720703125,-0.38730500559716585229352858732454478740692138671875,-0.016971664658148678805904552291394793428480625152587890625,0.2181342386686014045427128849041764624416828155517578125
0.0250738308898092905618870673833953333087265491485595703125,0.139088242300937026119100892174174077808856964111328125,-0.1972640695139669386737324430214357562363147735595703125,0.5220826554918840400887347641400992870330810546875,0.153460066741980594162697570936870761215686798095703125,-0.252277545907551969950333159431465901434421539306640625,-0.09401075560937134645289603440687642432749271392822265625,0.39979287366604487896637465382809750735759735107421875
0.27959143904208527686705565429292619228363037109375,-0.1220780517673106524423332075457437895238399505615234375,0.368030854501986637306032434935332275927066802978515625,0.424724565735013104283979146202909760177135467529296875,0.10258643782018066203942652236946742050349712371826171875,-0.31381866272279423935032127701560966670513153076171875,-0.47983047490661434597569723337073810398578643798828125,-0.11490277010248743649878377937056939117610454559326171875
-0.106962148749954355508862136048264801502227783203125,0.06947272183490231511893142624103347770869731903076171875,-0.087907028484784877075952636005240492522716522216796875,-0.33610641480533309799483276947285048663616180419921875,0.041166675367919312866771264225462800823152065277099609375,0.0934887075645447762628492682779324240982532501220703125,-0.17829416291154476237323933673906140029430389404296875,-0.0887804508575970319217418591506429947912693023681640625
0.0763766347696531455735424742670147679746150970458984375,-0.25546552013566470318295387187390588223934173583984375,0.11329376636352896101644915916040190495550632476806640625,0.2012111706104011965567934794307802803814411163330078125,-0.11547984636154075277492125906064757145941257476806640625,0.09458540546063753939876050935708917677402496337890625,0.187129991878857204756769760933821089565753936767578125,0.3712065510744675389531721521052531898021697998046875
-0.2476160453883513579143027527607046067714691162109375,0.0238464600589181445478015319849873776547610759735107421875,0.430260353162957021044832117695477791130542755126953125,-0.2119757818936162940826051226395065896213054656982421875,-0.094188633514311559391529726781300269067287445068359375,0.04522475431661121536563996414770372211933135986328125,-0.2018892057585661425900269705380196683108806610107421875,0.071690186778878783879775937748490832746028900146484375
0.204972100066973694776351067048381082713603973388671875,-0.205898454559069465918952346328296698629856109619140625,0.163333104971885967326983291059150360524654388427734375,0.20900867296603109490860106234322302043437957763671875,0.0039637213805473643646326564748960663564503192901611328125,-0.211535727651071703281360214532469399273395538330078125,0.1869472180895483670592938096888246946036815643310546875,0.1344669697220908510804093793922220356762409210205078125
-0.1368219642231353894157308559442753903567790985107421875,-0.1822615696315779965086534275542362593114376068115234375,0.57828274480648877986510569826350547373294830322265625,0.172676904441351586338981860535568557679653167724609375,-0.33054609962648584531308415535022504627704620361328125,0.33063628657676769062589983150246553122997283935546875,0.1657369114595028947167776323112775571644306182861328125,-0.448138722474588468980272182307089678943157196044921875
0.287891224681254775941141588191385380923748016357421875,0.192926250638816298987876507453620433807373046875,0.198980989492571092025485768317594192922115325927734375,-0.11648730160401800370895131209181272424757480621337890625,0.03153407766713083038023768267521518282592296600341796875,-0.0974779229210822883988640796815161593258380889892578125,-0.01226283120369302780117148898852974525652825832366943359375,0.2346830983869618025838832409135648049414157867431640625
0.3174869018782267016121068081702105700969696044921875,-0.06991757806822214427189265961715136654675006866455078125,0.257552005327364941233980744073051027953624725341796875,-0.084992738626979036364872399644809775054454803466796875,-0.013863617789103575839160242821890278719365596771240234375,0.22083431881033688259918790208757854998111724853515625,0.0818611707042273817336308638914488255977630615234375,0.072656853895203432625038431069697253406047821044921875
-0.133238872808561892302492424278170801699161529541015625,0.115030916785474890406959502797690220177173614501953125,-0.037633625321962634047157081340628792531788349151611328125,0.2449016532226264419858097198812174610793590545654296875,-0.053408827414768676733469732198500423692166805267333984375,-0.14985243863923880525135245989076793193817138671875,0.236529722024116484391242920537479221820831298828125,0.275852946417292910208374223657301627099514007568359375
0.08945738760809908429738612767323502339422702789306640625,-0.16515963223071283838550016298540867865085601806640625,0.44684302449259638567724550739512778818607330322265625,0.115959186514687229152542613519472070038318634033203125,0.0587845519282381712145024721394293010234832763671875,-0.127690808697387137016221458907239139080047607421875,0.223292374884216437980199998492025770246982574462890625,-0.2310671568318165558508781032287515699863433837890625
0.2511755959578014785194000069168396294116973876953125,-0.1898952695710937332851386827314854599535465240478515625,0.149179091465882318612301560278865508735179901123046875,0.210459329011763951466917887955787591636180877685546875,-0.3370877998477659343024015470291487872600555419921875,-0.00134084290054561016368450676594648030004464089870452880859375,0.11331614328679213976602824232031707651913166046142578125,0.04036317357376813241831570167050813324749469757080078125
0.1293304143298955322105570076018921099603176116943359375,-0.1169261636760248190824995617731474339962005615234375,0.356842039983248426882056492104311473667621612548828125,-0.1495456568826913912317877475288696587085723876953125,-0.329411839181151300248728830410982482135295867919921875,-0.0667094750019524285189476131563424132764339447021484375,-0.3069818169272109376066737240762449800968170166015625,-0.1209620495135471374137381417313008569180965423583984375
-0.1287322918087258905028846811546827666461467742919921875,0.1271941717510775282651280804202542640268802642822265625,0.05017301199496189412219138148429919965565204620361328125,-0.3408912429277115574421941346372477710247039794921875,0.54327968764370238030636528492323122918605804443359375,0.01127597347029096926107616383205822785384953022003173828125,0.609468342858766387593050239956937730312347412109375,0.01532814253398910586678738354748929850757122039794921875
-0.3147198942091600226689251940115354955196380615234375,-0.099362824944339400712323140396620146930217742919921875,0.302431490181519879723026633655535988509654998779296875,-0.061820922842364560423344954642743687145411968231201171875,0.0210636909986197558286580289177436497993767261505126953125,-0.12878560149133766454809801871306262910366058349609375,0.271140848521822963590466315508820116519927978515625,0.20283565967008920782888026224100030958652496337890625
-0.220713683938972893283647636053501628339290618896484375,0.354670395331871335375950593515881337225437164306640625,0.1463590807985366837318252919430960901081562042236328125,-0.0276867321358951860854613613582841935567557811737060546875,0.1254801887724710518501325395845924504101276397705078125,0.31981586150264795787023786033387295901775360107421875,-0.032793231449314286241047966541373170912265777587890625,0.1480715862260107151815446968612377531826496124267578125
0.054789004183578848827806950794183649122714996337890625,-0.147611519199175200700580035118036903440952301025390625,0.0309660811713158880265073236159878433682024478912353515625,-0.026598394934968065672631354345867293886840343475341796875,-0.05974107392243611924786961253630579449236392974853515625,-0.1968473846899882750971499945080722682178020477294921875,-0.11589339438617550503973774311816669069230556488037109375,0.22551527551801797688568740340997464954853057861328125
0.09083121293486280667384136222608503885567188262939453125,0.007081326478989295909738377332587333512492477893829345703125,0.088661841694865628493715803415398113429546356201171875,-0.2014072149086096052972294501159922219812870025634765625,0.061514155477217828671410160268351319245994091033935546875,-0.01245765817515878497168113625548357958905398845672607421875,-0.2400592832604278026309430060791783034801483154296875,-0.08558878104292048927259628499086829833686351776123046875
0.0239573798815111184412618428041241713799536228179931640625,-0.04356842609041010339065991274765110574662685394287109375,0.08994987616004936070712716400521458126604557037353515625,0.0140682726667016068378135429384201415814459323883056640625,0.0837875161231511345061306883508223108947277069091796875,0.3605023586015061454190799850039184093475341796875,0.031038539807906655176861221434592152945697307586669921875,0.07115503856539018290305875780177302658557891845703125
-0.141283924195734045259342792633106000721454620361328125,0.0639185902517346027362776794689125381410121917724609375,0.07811837706228989819390307047797250561416149139404296875,-0.21781225876990328860216550310724414885044097900390625,0.24486556853919783094397644163109362125396728515625,-0.0466800520669629348535778490258962847292423248291015625,0.054510169455752856271235629037619219161570072174072265625,0.299857195216464866849293002815102227032184600830078125
0.487579607236265089031945763053954578936100006103515625,-0.1880631412450613770825924575547105632722377777099609375,-0.035551834145355364069640558000173768959939479827880859375,0.264304463825324631454094514992902986705303192138671875,0.13824679083302104931618714545038528740406036376953125,-0.0234567306851332819939148777166337822563946247100830078125,0.40132595608324883595940946179325692355632781982421875,-0.14466845024049324042181297045317478477954864501953125
0.1073633314454878473487298151667346246540546417236328125,-0.0274681965277128632696435062143791583366692066192626953125,-0.28579248777066290632120626469259150326251983642578125,0.1762188480773084486852297914083465002477169036865234375,-0.06222705989932875159098557560355402529239654541015625,-0.199401375465934282971147695207037031650543212890625,-0.01445293390052986015614777670634794048964977264404296875,0.238420963701955257452169689713628031313419342041015625
-0.23558769640342391848975012180744670331478118896484375,0.41414103093625487250761807445087470114231109619140625,-0.11827221148330165079176623521561850793659687042236328125,0.163222091263463486843221517119673080742359161376953125,-0.1865933485961858984136796379971201531589031219482421875,0.038785529258813462860633336504179169423878192901611328125,0.05536434199768271169350697391564608551561832427978515625,0.1851724610642455914888415691166301257908344268798828125
0.289328427953606193145930092214257456362247467041015625,-0.07562621590430569640250979546181042678654193878173828125,0.1448934858316813512058018886818899773061275482177734375,-0.0122858397047040206195855915893844212405383586883544921875,0.3230480590197313262024181312881410121917724609375,-0.0571609935033729754660924982090364210307598114013671875,-0.2369800396220026750260245762547128833830356597900390625,0.2439096571846676997363800865059602074325084686279296875